satellite: 0.000396659597754
epoch: 1.70530256582e-12
sv_clock_bias: 0.0
sv_clock_drift: 140.0
sv_clock_drift_rate: -52.1875
IODC: 4.02659638965e-09
crs: 2.87153499034
delta_n: -2.67662107944e-06
M0: 0.00595761800651
cuc: 4.17418777943e-06
e: 5153.63647842
cus: 525600.0
sqrtA: 1.06170773506e-07
toe: -2.49318481774
cic: -9.31322574615e-08
omega0: 0.983391914449
cis: 309.375
i0: -1.65049681327
crc: -7.88997134293e-09
omega: -8.5717856424e-12
omega_dot: 1.0
idot: 1316.0
L2_code: 0.0
GPS_week: 1.0
L2_P_flag: 0.0
SV_accuracy: -3.25962901115e-09
SV_health: 396.0
TGD: 519576.0
IODC_clock: 9.67308878899e-05
trans_time: 3.06954461848e-12

